1477478135 0.043446
1477478135 0.038398
1477478135 0.03389
1477478135 0.030261
1477478135 0.027329
1477478135 0.026096
1477478135 0.025979
1477478135 0.026835
1477478135 0.028605
1477478135 0.031278
1477478135 0.033463
1477478135 0.036174
1477478135 0.036242
1477478135 0.035339
1477478135 0.036194
1477478135 0.039865
1477478135 0.042347
1477478135 0.044067
1477478135 0.044476
1477478135 0.042253
1477478135 0.044149
1477478135 0.039824
1477478135 0.037893
1477478135 0.037121
1477478135 0.037538
1477478135 0.038215
1477478135 0.039799
1477478135 0.041742
1477478135 0.044143
1477478135 0.046923
1477478135 0.049637
1477478135 0.054515
1477478135 0.052344
1477478135 0.055978
1477478135 0.057247
1477478135 0.057116
1477478135 0.056373
1477478135 0.055303
1477478135 0.054199
1477478135 0.052916
1477478135 0.05208
1477478135 0.051399
1477478135 0.050988
1477478135 0.051304
1477478135 0.050918
1477478135 0.050246
1477478135 0.048597
1477478135 0.049406
1477478135 0.04788
1477478135 0.046803
1477478135 0.046521
1477478135 0.045861
1477478135 0.046649
1477478135 0.047847
1477478135 0.049092
1477478135 0.052733
1477478135 0.051058
1477478135 0.054905
1477478135 0.05623
1477478135 0.057637
1477478135 0.057527
1477478135 0.057468
1477478135 0.057984
1477478135 0.059796
1477478135 0.061216
1477478135 0.062543
1477478135 0.063913
1477478135 0.065598
1477478135 0.06763
1477478135 0.069762
1477478135 0.075731
1477478135 0.073011
1477478135 0.076233
1477478135 0.073274
1477478135 0.069727
1477478135 0.067556
1477478135 0.068448
1477478135 0.067175
1477478135 0.071042
1477478135 0.074905
1477478135 0.077864